gold: (0.04900446428571431, 0.09511189866696912)
our: (0.08153750000000001, 0.08788549788208794)
pgn-coverage: (0.4806500000000065, 0.2929914297668885)
pgn+coverage: (0.10784999999999995, 0.137460775969304)
